%YAML:1.0
aruco_bc_nmarkers: 144
aruco_bc_mInfoType: 0
aruco_bc_markers:
   - { id:936, corners:[ [ -3500., -14300., 0. ], [ -2500., -14300., 0. ],
       [ -2500., -13300., 0. ], [ -3500., -13300., 0. ] ] }
   - { id:754, corners:[ [ -2300., -14300., 0. ], [ -1300., -14300., 0. ],
       [ -1300., -13300., 0. ], [ -2300., -13300., 0. ] ] }
   - { id:740, corners:[ [ -1100., -14300., 0. ], [ -100., -14300., 0. ],
       [ -100., -13300., 0. ], [ -1100., -13300., 0. ] ] }
   - { id:198, corners:[ [ 100., -14300., 0. ], [ 1100., -14300., 0. ],
       [ 1100., -13300., 0. ], [ 100., -13300., 0. ] ] }
   - { id:793, corners:[ [ 1300., -14300., 0. ], [ 2300., -14300., 0. ],
       [ 2300., -13300., 0. ], [ 1300., -13300., 0. ] ] }
   - { id:873, corners:[ [ 2500., -14300., 0. ], [ 3500., -14300., 0. ],
       [ 3500., -13300., 0. ], [ 2500., -13300., 0. ] ] }
   - { id:741, corners:[ [ -3500., -13100., 0. ], [ -2500., -13100., 0. ],
       [ -2500., -12100., 0. ], [ -3500., -12100., 0. ] ] }
   - { id:525, corners:[ [ -2300., -13100., 0. ], [ -1300., -13100., 0. ],
       [ -1300., -12100., 0. ], [ -2300., -12100., 0. ] ] }
   - { id:465, corners:[ [ -1100., -13100., 0. ], [ -100., -13100., 0. ],
       [ -100., -12100., 0. ], [ -1100., -12100., 0. ] ] }
   - { id:539, corners:[ [ 100., -13100., 0. ], [ 1100., -13100., 0. ],
       [ 1100., -12100., 0. ], [ 100., -12100., 0. ] ] }
   - { id:263, corners:[ [ 1300., -13100., 0. ], [ 2300., -13100., 0. ],
       [ 2300., -12100., 0. ], [ 1300., -12100., 0. ] ] }
   - { id:523, corners:[ [ 2500., -13100., 0. ], [ 3500., -13100., 0. ],
       [ 3500., -12100., 0. ], [ 2500., -12100., 0. ] ] }
   - { id:467, corners:[ [ -3500., -11900., 0. ], [ -2500., -11900., 0. ],
       [ -2500., -10900., 0. ], [ -3500., -10900., 0. ] ] }
   - { id:705, corners:[ [ -2300., -11900., 0. ], [ -1300., -11900., 0. ],
       [ -1300., -10900., 0. ], [ -2300., -10900., 0. ] ] }
   - { id:308, corners:[ [ -1100., -11900., 0. ], [ -100., -11900., 0. ],
       [ -100., -10900., 0. ], [ -1100., -10900., 0. ] ] }
   - { id:601, corners:[ [ 100., -11900., 0. ], [ 1100., -11900., 0. ],
       [ 1100., -10900., 0. ], [ 100., -10900., 0. ] ] }
   - { id:712, corners:[ [ 1300., -11900., 0. ], [ 2300., -11900., 0. ],
       [ 2300., -10900., 0. ], [ 1300., -10900., 0. ] ] }
   - { id:321, corners:[ [ 2500., -11900., 0. ], [ 3500., -11900., 0. ],
       [ 3500., -10900., 0. ], [ 2500., -10900., 0. ] ] }
   - { id:383, corners:[ [ -3500., -10700., 0. ], [ -2500., -10700., 0. ],
       [ -2500., -9700., 0. ], [ -3500., -9700., 0. ] ] }
   - { id:498, corners:[ [ -2300., -10700., 0. ], [ -1300., -10700., 0. ],
       [ -1300., -9700., 0. ], [ -2300., -9700., 0. ] ] }
   - { id:862, corners:[ [ -1100., -10700., 0. ], [ -100., -10700., 0. ],
       [ -100., -9700., 0. ], [ -1100., -9700., 0. ] ] }
   - { id:266, corners:[ [ 100., -10700., 0. ], [ 1100., -10700., 0. ],
       [ 1100., -9700., 0. ], [ 100., -9700., 0. ] ] }
   - { id:393, corners:[ [ 1300., -10700., 0. ], [ 2300., -10700., 0. ],
       [ 2300., -9700., 0. ], [ 1300., -9700., 0. ] ] }
   - { id:798, corners:[ [ 2500., -10700., 0. ], [ 3500., -10700., 0. ],
       [ 3500., -9700., 0. ], [ 2500., -9700., 0. ] ] }
   - { id:41, corners:[ [ -3500., -9500., 0. ], [ -2500., -9500., 0. ],
       [ -2500., -8500., 0. ], [ -3500., -8500., 0. ] ] }
   - { id:486, corners:[ [ -2300., -9500., 0. ], [ -1300., -9500., 0. ],
       [ -1300., -8500., 0. ], [ -2300., -8500., 0. ] ] }
   - { id:386, corners:[ [ -1100., -9500., 0. ], [ -100., -9500., 0. ],
       [ -100., -8500., 0. ], [ -1100., -8500., 0. ] ] }
   - { id:734, corners:[ [ 100., -9500., 0. ], [ 1100., -9500., 0. ], [
       1100., -8500., 0. ], [ 100., -8500., 0. ] ] }
   - { id:595, corners:[ [ 1300., -9500., 0. ], [ 2300., -9500., 0. ], [
       2300., -8500., 0. ], [ 1300., -8500., 0. ] ] }
   - { id:417, corners:[ [ 2500., -9500., 0. ], [ 3500., -9500., 0. ], [
       3500., -8500., 0. ], [ 2500., -8500., 0. ] ] }
   - { id:256, corners:[ [ -3500., -8300., 0. ], [ -2500., -8300., 0. ],
       [ -2500., -7300., 0. ], [ -3500., -7300., 0. ] ] }
   - { id:429, corners:[ [ -2300., -8300., 0. ], [ -1300., -8300., 0. ],
       [ -1300., -7300., 0. ], [ -2300., -7300., 0. ] ] }
   - { id:876, corners:[ [ -1100., -8300., 0. ], [ -100., -8300., 0. ],
       [ -100., -7300., 0. ], [ -1100., -7300., 0. ] ] }
   - { id:747, corners:[ [ 100., -8300., 0. ], [ 1100., -8300., 0. ], [
       1100., -7300., 0. ], [ 100., -7300., 0. ] ] }
   - { id:173, corners:[ [ 1300., -8300., 0. ], [ 2300., -8300., 0. ], [
       2300., -7300., 0. ], [ 1300., -7300., 0. ] ] }
   - { id:578, corners:[ [ 2500., -8300., 0. ], [ 3500., -8300., 0. ], [
       3500., -7300., 0. ], [ 2500., -7300., 0. ] ] }
   - { id:968, corners:[ [ -3500., -7100., 0. ], [ -2500., -7100., 0. ],
       [ -2500., -6100., 0. ], [ -3500., -6100., 0. ] ] }
   - { id:645, corners:[ [ -2300., -7100., 0. ], [ -1300., -7100., 0. ],
       [ -1300., -6100., 0. ], [ -2300., -6100., 0. ] ] }
   - { id:838, corners:[ [ -1100., -7100., 0. ], [ -100., -7100., 0. ],
       [ -100., -6100., 0. ], [ -1100., -6100., 0. ] ] }
   - { id:701, corners:[ [ 100., -7100., 0. ], [ 1100., -7100., 0. ], [
       1100., -6100., 0. ], [ 100., -6100., 0. ] ] }
   - { id:428, corners:[ [ 1300., -7100., 0. ], [ 2300., -7100., 0. ], [
       2300., -6100., 0. ], [ 1300., -6100., 0. ] ] }
   - { id:2, corners:[ [ 2500., -7100., 0. ], [ 3500., -7100., 0. ], [
       3500., -6100., 0. ], [ 2500., -6100., 0. ] ] }
   - { id:796, corners:[ [ -3500., -5900., 0. ], [ -2500., -5900., 0. ],
       [ -2500., -4900., 0. ], [ -3500., -4900., 0. ] ] }
   - { id:121, corners:[ [ -2300., -5900., 0. ], [ -1300., -5900., 0. ],
       [ -1300., -4900., 0. ], [ -2300., -4900., 0. ] ] }
   - { id:63, corners:[ [ -1100., -5900., 0. ], [ -100., -5900., 0. ], [
       -100., -4900., 0. ], [ -1100., -4900., 0. ] ] }
   - { id:766, corners:[ [ 100., -5900., 0. ], [ 1100., -5900., 0. ], [
       1100., -4900., 0. ], [ 100., -4900., 0. ] ] }
   - { id:306, corners:[ [ 1300., -5900., 0. ], [ 2300., -5900., 0. ], [
       2300., -4900., 0. ], [ 1300., -4900., 0. ] ] }
   - { id:591, corners:[ [ 2500., -5900., 0. ], [ 3500., -5900., 0. ], [
       3500., -4900., 0. ], [ 2500., -4900., 0. ] ] }
   - { id:929, corners:[ [ -3500., -4700., 0. ], [ -2500., -4700., 0. ],
       [ -2500., -3700., 0. ], [ -3500., -3700., 0. ] ] }
   - { id:507, corners:[ [ -2300., -4700., 0. ], [ -1300., -4700., 0. ],
       [ -1300., -3700., 0. ], [ -2300., -3700., 0. ] ] }
   - { id:836, corners:[ [ -1100., -4700., 0. ], [ -100., -4700., 0. ],
       [ -100., -3700., 0. ], [ -1100., -3700., 0. ] ] }
   - { id:648, corners:[ [ 100., -4700., 0. ], [ 1100., -4700., 0. ], [
       1100., -3700., 0. ], [ 100., -3700., 0. ] ] }
   - { id:644, corners:[ [ 1300., -4700., 0. ], [ 2300., -4700., 0. ], [
       2300., -3700., 0. ], [ 1300., -3700., 0. ] ] }
   - { id:277, corners:[ [ 2500., -4700., 0. ], [ 3500., -4700., 0. ], [
       3500., -3700., 0. ], [ 2500., -3700., 0. ] ] }
   - { id:951, corners:[ [ -3500., -3500., 0. ], [ -2500., -3500., 0. ],
       [ -2500., -2500., 0. ], [ -3500., -2500., 0. ] ] }
   - { id:682, corners:[ [ -2300., -3500., 0. ], [ -1300., -3500., 0. ],
       [ -1300., -2500., 0. ], [ -2300., -2500., 0. ] ] }
   - { id:628, corners:[ [ -1100., -3500., 0. ], [ -100., -3500., 0. ],
       [ -100., -2500., 0. ], [ -1100., -2500., 0. ] ] }
   - { id:814, corners:[ [ 100., -3500., 0. ], [ 1100., -3500., 0. ], [
       1100., -2500., 0. ], [ 100., -2500., 0. ] ] }
   - { id:609, corners:[ [ 1300., -3500., 0. ], [ 2300., -3500., 0. ], [
       2300., -2500., 0. ], [ 1300., -2500., 0. ] ] }
   - { id:723, corners:[ [ 2500., -3500., 0. ], [ 3500., -3500., 0. ], [
       3500., -2500., 0. ], [ 2500., -2500., 0. ] ] }
   - { id:980, corners:[ [ -3500., -2300., 0. ], [ -2500., -2300., 0. ],
       [ -2500., -1300., 0. ], [ -3500., -1300., 0. ] ] }
